 log_TeV     log_Lz     Zavg
  0.00000E+00 -0.48930E+02  0.51213E+00
  0.69315E+00 -0.46132E+02  0.10321E+01
  0.10986E+01 -0.43752E+02  0.18313E+01
  0.13863E+01 -0.42892E+02  0.19694E+01
  0.16094E+01 -0.42192E+02  0.20672E+01
  0.17918E+01 -0.41850E+02  0.22356E+01
  0.19459E+01 -0.41593E+02  0.25198E+01
  0.20794E+01 -0.41511E+02  0.28765E+01
  0.21972E+01 -0.41711E+02  0.32822E+01
  0.23026E+01 -0.42222E+02  0.36343E+01
  0.29957E+01 -0.45661E+02  0.39914E+01
  0.34012E+01 -0.47121E+02  0.39984E+01
  0.36889E+01 -0.47722E+02  0.40070E+01
  0.39120E+01 -0.47796E+02  0.40890E+01
  0.40943E+01 -0.47335E+02  0.42863E+01
  0.42485E+01 -0.46914E+02  0.46000E+01
  0.43820E+01 -0.46644E+02  0.48398E+01
  0.44998E+01 -0.46462E+02  0.50797E+01
  0.46052E+01 -0.46382E+02  0.53166E+01
  0.52983E+01 -0.47184E+02  0.59446E+01
  0.57038E+01 -0.47766E+02  0.59839E+01
  0.59915E+01 -0.48106E+02  0.59921E+01
  0.62146E+01 -0.48328E+02  0.59951E+01
  0.63969E+01 -0.48481E+02  0.59965E+01
  0.65511E+01 -0.48600E+02  0.59974E+01
  0.66846E+01 -0.48683E+02  0.59979E+01
  0.68024E+01 -0.48751E+02  0.59983E+01
  0.69078E+01 -0.48807E+02  0.59985E+01
  0.76009E+01 -0.48991E+02  0.59994E+01
  0.80064E+01 -0.48985E+02  0.59997E+01
  0.82940E+01 -0.48935E+02  0.59998E+01
  0.85172E+01 -0.48889E+02  0.59998E+01
  0.86995E+01 -0.48832E+02  0.59998E+01
  0.88537E+01 -0.48781E+02  0.59999E+01
  0.89872E+01 -0.48736E+02  0.59999E+01
  0.91050E+01 -0.48696E+02  0.59999E+01
  0.92103E+01 -0.48659E+02  0.59999E+01
  0.99035E+01 -0.48354E+02  0.60000E+01
  0.10309E+02 -0.48172E+02  0.60000E+01
  0.10597E+02 -0.48042E+02  0.60000E+01
  0.10820E+02 -0.47941E+02  0.60000E+01
  0.11002E+02 -0.47941E+02  0.60000E+01
  0.11156E+02 -0.47941E+02  0.60000E+01
  0.11290E+02 -0.47941E+02  0.60000E+01
  0.11408E+02 -0.47941E+02  0.60000E+01
  0.11513E+02 -0.47941E+02  0.60000E+01
