     Te_keV      Theory        Table    6
  0.10000E-02  0.56218E-21  0.56218E-21
  0.20000E-02  0.12879E-19  0.92274E-20
  0.30000E-02  0.99691E-19  0.99677E-19
  0.40000E-02  0.26018E-18  0.23571E-18
  0.50000E-02  0.47461E-18  0.47443E-18
  0.60000E-02  0.73353E-18  0.66788E-18
  0.70000E-02  0.93064E-18  0.86362E-18
  0.80000E-02  0.91743E-18  0.93748E-18
  0.90000E-02  0.70510E-18  0.76724E-18
  0.10000E-01  0.46054E-18  0.46037E-18
  0.20000E-01  0.14786E-19  0.14784E-19
  0.30000E-01  0.34320E-20  0.34317E-20
  0.40000E-01  0.16873E-20  0.18825E-20
  0.50000E-01  0.17489E-20  0.17477E-20
  0.60000E-01  0.28014E-20  0.27711E-20
  0.70000E-01  0.42261E-20  0.42230E-20
  0.80000E-01  0.56114E-20  0.55308E-20
  0.90000E-01  0.66779E-20  0.66364E-20
  0.10000E+00  0.71914E-20  0.71864E-20
  0.20000E+00  0.32228E-20  0.32221E-20
  0.30000E+00  0.18003E-20  0.18002E-20
  0.40000E+00  0.12819E-20  0.12818E-20
  0.50000E+00  0.10263E-20  0.10263E-20
  0.60000E+00  0.87779E-21  0.88126E-21
  0.70000E+00  0.78243E-21  0.78242E-21
  0.80000E+00  0.71713E-21  0.71990E-21
  0.90000E+00  0.67038E-21  0.67270E-21
  0.10000E+01  0.63583E-21  0.63583E-21
  0.20000E+01  0.52886E-21  0.52886E-21
  0.30000E+01  0.53240E-21  0.53240E-21
  0.40000E+01  0.55636E-21  0.55941E-21
  0.50000E+01  0.58596E-21  0.58595E-21
  0.60000E+01  0.61702E-21  0.62040E-21
  0.70000E+01  0.64809E-21  0.65251E-21
  0.80000E+01  0.67861E-21  0.68253E-21
  0.90000E+01  0.70836E-21  0.71071E-21
  0.10000E+02  0.73727E-21  0.73727E-21
  0.20000E+02  0.98639E-21  0.10003E-20
  0.30000E+02  0.11869E-20  0.12000E-20
  0.40000E+02  0.13586E-20  0.13662E-20
  0.50000E+02  0.15112E-20  0.15112E-20
  0.60000E+02  0.16499E-20  0.15112E-20
  0.70000E+02  0.17778E-20  0.15112E-20
  0.80000E+02  0.18971E-20  0.15112E-20
  0.90000E+02  0.20094E-20  0.15112E-20
  0.10000E+03  0.21158E-20  0.15112E-20
